0 0 TIDL_cast_in 
1 1 TIDL_cast_in_netFormat 
2 2 1464 
3 3 941 
4 4 944 
5 5 947 
6 6 950 
7 7 953 
8 8 956 
9 9 957 
10 10 958 
11 11 961 
12 12 964 
13 13 967 
14 14 970 
15 15 973 
16 16 976 
17 17 977 
18 18 980 
19 19 983 
20 20 984 
21 21 987 
22 22 990 
23 23 991 
24 24 992 
25 25 995 
26 26 998 
27 27 1001 
28 28 1004 
29 29 1007 
30 30 1010 
31 31 1011 
32 32 1014 
33 33 1017 
34 34 1018 
35 35 1021 
36 36 1024 
37 37 1025 
38 38 1026 
39 39 1029 
40 40 1032 
41 41 1035 
42 42 1042 
43 43 1043 
44 44 1044 
45 45 1045 
46 46 1046 
47 47 1047 
48 48 1048 
49 49 1051 
50 50 1054 
51 51 1057 
52 52 1060 
53 53 1063 
54 54 1064 
55 55 1067 
56 56 1070 
57 57 1075 
58 58 1076 
59 59 1079 
60 60 1082 
61 61 1085 
62 62 1088 
63 63 1089 
64 64 1092 
65 65 1095 
66 66 1100 
67 67 1101 
68 68 1104 
69 69 1107 
70 70 1110 
71 71 1113 
72 72 1114 
73 73 1117 
74 74 1160 
75 75 1169 
76 76 1172 
77 77 1179 
78 78 1175 
79 79 1178 
80 81 1181 
81 80 1180 
82 82 1182 
83 83 1120 
84 84 1121 
85 85 1124 
86 86 1127 
87 87 1130 
88 88 1133 
89 89 1134 
90 90 1137 
91 91 1163 
92 92 1185 
93 93 1188 
94 94 1195 
95 95 1191 
96 96 1194 
97 98 1197 
98 97 1196 
99 99 1198 
100 100 1140 
101 101 1141 
102 102 1144 
103 103 1147 
104 104 1150 
105 105 1153 
106 106 1154 
107 107 1157 
108 108 1166 
109 109 1201 
110 110 1204 
111 111 1211 
112 112 1207 
113 113 1210 
114 115 1213 
115 114 1212 
116 116 1214 
117 117 dets_det 
118 119 labels 
119 0 TIDL_cast_in 
120 118 dets 
121 0 TIDL_cast_in 
